2 0.689844 0.748611 0.098437 0.275000
2 0.376563 0.726389 0.087500 0.230556
2 0.665625 0.518056 0.100000 0.241667
2 0.069531 0.238889 0.110937 0.266667
2 0.722656 0.251389 0.082812 0.236111
1 0.806250 0.251389 0.078125 0.225000
1 0.842969 0.311111 0.101562 0.222222
2 0.175781 0.161111 0.064062 0.255556
1 0.260156 0.234722 0.073438 0.286111
1 0.385937 0.062500 0.056250 0.125000
1 0.311719 0.087500 0.054688 0.175000
2 0.414062 0.583333 0.081250 0.227778
1 0.642969 0.926389 0.104688 0.147222
1 0.664062 0.926389 0.150000 0.147222
1 0.033594 0.279167 0.067187 0.219444
